.Random.seed <-
c(403L, 10L, 1287109419L, 47618377L, 1749143128L, 249151238L, 
509995745L, 690183795L, 740361954L, 1659845204L, 271663959L, 
-268261555L, -1372931356L, -274890038L, -430105803L, -959409777L, 
775071382L, -849246656L, -86475005L, 424884001L, 1004199952L, 
-736987154L, -1987102823L, 2112360491L, 2110154010L, 49293276L, 
-1632720417L, 2105257397L, -476742836L, 1038621090L, -1925523203L, 
-284703241L, -911457506L, -1872691752L, -1056565445L, -1231978279L, 
-1363276696L, 1476538774L, 1090334993L, -1913511229L, 580885202L, 
173878116L, -254615897L, 168871933L, -1833041420L, -2004930854L, 
574132261L, -91628225L, 1547317958L, -1342939312L, -1326596237L, 
1869169041L, 1253807040L, -249825890L, -1888434327L, 486753179L, 
-1579046230L, 1437893836L, 110476687L, -1203693115L, -36348548L, 
-1701354030L, 865558861L, -1277615097L, 795038702L, -1252590904L, 
-463424053L, 1331556393L, -580905352L, 1558623142L, 259528129L, 
-630672813L, -1498433278L, 487108660L, -710751817L, -1174266451L, 
1751545540L, 2118867690L, -587227819L, -1452911889L, 219525366L, 
-563392480L, -1243041309L, -438906239L, 1513700592L, 573043598L, 
1682590969L, 1254782603L, -1936292166L, 1494747580L, 2143451903L, 
-2028421547L, -1401763476L, -293774910L, -325561827L, 1135004311L, 
722863102L, 1027989432L, 225792923L, 1725823481L, -423360184L, 
-1633078154L, -645865039L, 1432834019L, 718195890L, 279347460L, 
1305504327L, 1642368285L, -1249264748L, -1131417798L, -454028411L, 
-503478177L, 770292454L, 81707376L, 908675731L, 682357553L, -1643007520L, 
-1482176898L, 1938730249L, 86212411L, 995694346L, -1785657620L, 
-931531921L, -2057861979L, 911029852L, 1312833074L, -2040849107L, 
-433615897L, -1972212978L, -1589310232L, 1091315435L, -1312929911L, 
1632006936L, 2122696262L, 440620705L, -1114523341L, 1362925730L, 
1289033620L, 1169208855L, -244948467L, 1132623652L, -229297398L, 
-238633355L, -825360945L, 586294998L, -441472384L, -643230525L, 
-1574841759L, -825775408L, -1538012114L, 2046697945L, -1498759701L, 
1168693338L, -1876731364L, -100386017L, -1023086731L, 2093626892L, 
-1883672606L, 392893629L, -1595731145L, 635599838L, -634373864L, 
2094599291L, -2125581799L, 1693889192L, 391927894L, 212251857L, 
981717123L, -1362238702L, -1266583900L, -1196940697L, 1916386237L, 
1743467828L, 1390644890L, 319102181L, -683811201L, 1374849030L, 
467741584L, 2102916659L, 635004369L, 1879095168L, -1756124578L, 
1406177705L, -2138046373L, 1231411306L, 245446924L, 858968911L, 
-1015574523L, -1370214724L, 1750050706L, 692901005L, -723479865L, 
1181352878L, -35545592L, -297790965L, 1201029865L, 1633119672L, 
684395110L, -545704191L, 107331987L, -1658496446L, 1968647668L, 
522541047L, 1362119661L, 1116562564L, -315573590L, -2099859435L, 
-337119057L, 1921226422L, 697951456L, 1055533091L, 852014913L, 
124172848L, 628598862L, 876140729L, -359461685L, -111357574L, 
-490582916L, 1489086655L, -695607915L, 438934956L, 1419343746L, 
-922100387L, -435366825L, 1901441854L, -1431233672L, -657991589L, 
-35266631L, -1283826168L, -1894137888L, 1080108962L, -1316376664L, 
955241356L, -1630751044L, 84728690L, -1511638800L, 766275652L, 
-460526248L, -613915590L, 1153473392L, -259576772L, 1298346772L, 
-1834262078L, -705019680L, -1569454212L, 1859405520L, 1777391266L, 
-975147992L, -1188531956L, 1614117820L, 785374514L, -1918085184L, 
1685176884L, 1396702152L, 1341973690L, 1686605712L, 157826540L, 
619798612L, -753561966L, 58422048L, -1811425844L, 867613664L, 
-2125550910L, 1262856744L, 627869356L, -1849349444L, -19744270L, 
-809899728L, 1724177572L, 1769622200L, 214659930L, 1366660496L, 
-1281212036L, -443288300L, -1972096702L, -1981334784L, -179217476L, 
364241744L, 2059032866L, -1722942136L, -324925428L, 723124316L, 
47721682L, 776914944L, 1765571412L, -237344280L, -1405050886L, 
2073386704L, -1419807444L, -40939276L, -471238766L, -1997693856L, 
-1876267764L, 223772384L, 1158995298L, 626635432L, 981985868L, 
-786479236L, -1626244302L, 1686513264L, 94686532L, 1296391128L, 
-1443880838L, -1298614736L, 511627964L, 249014100L, -207793598L, 
-827829344L, -175099716L, 1882212816L, -893635230L, -1921729560L, 
187547596L, -769485060L, 1253531634L, 2102422656L, 1541011700L, 
-652471160L, -534780614L, 244163408L, -1744434068L, 1281069204L, 
1286191442L, -1105525024L, 1573585100L, -414699360L, 924594562L, 
672821480L, -1777114900L, 143900732L, 1621114994L, -939218832L, 
1128290852L, -1866022344L, 169792026L, 567900368L, -574548420L, 
437261460L, -1618828158L, -1726337088L, 1037718844L, -1755355504L, 
1620884514L, 897075208L, -1234094964L, -856766436L, 800818322L, 
-22823808L, -2130068460L, 1807029032L, -760001478L, -1505346352L, 
1820707948L, 125597364L, -2120474606L, 1468268512L, -405998644L, 
-442583584L, -1112884190L, -2129726168L, 748708108L, -1683726788L, 
-1593453326L, -1843685136L, 1482688324L, -888078248L, -1087997382L, 
-1739593488L, -671026500L, 737563156L, -2091152190L, -1917213088L, 
-1476184708L, 402017488L, -1289380830L, 1902119080L, -1801962100L, 
-2134824516L, -1089447886L, -1567655104L, -1822816588L, 763834696L, 
-69131590L, -1400187120L, -479557396L, -2128996268L, -1348210926L, 
-1021967968L, -999698484L, -1279862944L, -1673464638L, -164143576L, 
1360202156L, -217689284L, 586036082L, 2135332656L, -217946076L, 
715882040L, 305582810L, -520411248L, 781610236L, -2092509804L, 
-1754197182L, -103593472L, 1883154492L, -620271024L, 1162117282L, 
-511536312L, -1547247092L, -1303301412L, -1879119790L, -1244910464L, 
409923412L, -2104262680L, -1054737670L, 1526546256L, 144610348L, 
-1432260236L, -733219182L, -1093789088L, -1727309684L, 1976633696L, 
166553826L, -1148066648L, 1445486284L, 980478460L, 1270526898L, 
1660353520L, 2078943684L, -319869608L, 2105809274L, -1666508368L, 
-1007951428L, 1602227796L, -1085687358L, -1044198624L, 571530172L, 
-1818628016L, 1092133858L, -48117912L, 1151950668L, -1003974916L, 
-103674126L, 1513147648L, -288725900L, -179212792L, -1005879878L, 
-674593328L, 879800300L, 1135381396L, -620089134L, -1258701728L, 
-409373364L, 82021152L, -1379665278L, 702030312L, -1533800262L, 
-1730188689L, -1761822727L, -2101938546L, -1677559972L, -1655845939L, 
-2137199817L, -414748224L, -1975597410L, 516738923L, 168187629L, 
1389298522L, 1475797016L, 1931365761L, -1197696205L, 1260783956L, 
2105588578L, -111454217L, -1218619327L, 1370852550L, 1991977476L, 
-1408064075L, -1608893793L, -1317332232L, 1987456726L, -404456605L, 
802747173L, -1579056958L, 1527745968L, 352333273L, 1956694859L, 
380926396L, 575461866L, 1724063263L, 1593801897L, -966302658L, 
-471761620L, 1892050813L, -1374222905L, -136372048L, 375135950L, 
-843947013L, 1775756381L, 1627618186L, -1721578584L, 526797073L, 
-540475389L, 2069791492L, 1813430066L, -1403970169L, -1742568495L, 
1004903766L, 886330164L, -1643278779L, 1349720719L, -34270200L, 
-1916321754L, 2098184403L, 1129607733L, 478826898L, -1579870880L, 
1971846345L, -1987411973L, 1132068812L, 8589914L, -885264561L, 
1785011737L, -696050642L, -264863172L, 1957625773L, 2048571479L, 
-1992958560L, 1948684030L, 722603467L, -791307315L, -1772695814L, 
38806840L, 1176178401L, -1839570541L, 1076447668L, 1799772866L, 
1545841367L, -1785242847L, -208979226L, -719930396L, -879379691L, 
1765057343L, -2116598056L, -795622666L, 898006275L, 381310533L, 
811134562L, 2071848400L, -962243847L, -1332895701L, -1088065636L, 
-142409782L, -1605437249L, 949807625L, 596878110L, 47762124L, 
-516095331L, -141865177L, -971357872L, -1672450066L, -1169854309L, 
1074428669L, 1267442154L, 1129613960L, 1352408113L, -1889210717L, 
-798554460L, -1037678766L, -1007882585L, 1843270385L, 632814134L, 
-289073452L, -2138391963L, -1730881425L, 447478440L, 746113030L, 
1151083827L, -1534465643L, -703973902L, 473107008L, 1013441449L, 
817364507L, 1954420716L, -954712070L, 1618732079L, -584428487L, 
-1287977394L, -2041547108L, 859425805L, -1613803401L, -1418536832L, 
-1225007394L, 113784235L, -881850707L, 379706138L, 1122157528L, 
1493114945L, -265924877L, 291778836L, 1303299234L, 174596535L, 
